Table 1. Spectral Line Properties of the 4.8 GHz H2CO Maser toward Four Identified Sources
-----------------------------------------------------------------------------------------------------------------------------------------------------
Name		R.A.		Decl.		Epoch		rms	Vpeak		FWHM		Speak	Sint		Direct extract Speak
(l,b)		(J2000)		(J2000)
(°,°)		(h m s)		(° ′ ″)		(yyyymmdd)	(mJy)	(km/s)		(km/s)		(mJy)	(mJy km/s)	(mJy)
(1)		(2)		(3)		(4)		(5)	(6)		(7)		(8)	(9)		(10)
-----------------------------------------------------------------------------------------------------------------------------------------------------
NGC 7538 IRS1	23 13 45.40	61 28 15.0	20150929	135	-55.50(0.38)	8.15(0.68)	-459	-3985(360)	
Comp.I maser								-57.88(0.06)	1.10(0.14)	700	821(90)		862
Comp.II maser								-60.09(0.04)	0.83(0.11)	806	712(78)		961
NGC 7538 IRS1					20151202	76	-55.20(0.26)	8.56(0.49)	-353	-3210(191)	
Comp.I maser								-57.66(0.02)	1.04(0.05)	1154	1280(49)	1123
Comp.II maser								-59.87(0.01)	0.72(0.03)	1321	1008(41)	1358
NGC 7538 IRS1					20151205	53	-55.33(0.18)	6.03(0.34)	-384	-2466(145)	
Comp.I maser								-57.63(0.01)	1.00(0.03)	1165	1237(36)	1220
Comp.II maser								-59.85(0.01)	0.71(0.03)	1239	932(30)		1335
NGC 7538 IRS1					20151211	53	-55.33(0.16)	7.94(0.32)	-372	-3143(128)	
Comp.I maser								-57.61(0.03)	0.83(0.07)	469	414(31)		458
Comp.II maser								-59.85(0.02)	0.74(0.05)	616	485(30)		644
NGC 7538 IRS1					20151212	47	-55.30(0.19)	7.91(0.36)	-348	-2929(137)	
Comp.I maser								-57.68(0.02)	0.95(0.04)	1027	1033(34)	1041
Comp.II maser								-59.86(0.01)	0.79(0.03)	1121	939(31)		1145
NGC 7538 IRS1					20151214	45	-56.09(0.22)	8.09(0.40)	-268	-2304(122)	
Comp.I maser								-57.72(0.02)	1.03(0.04)	980	1075(33)	1018
Comp.II maser								-59.87(0.01)	0.75(0.03)	1112	887(28)		1180
NGC 7538 IRS1					20160115	151	-55.20(0.44)	7.58(0.81)	-379	-3057(342)	
Comp.I maser								-57.67(0.05)	1.09(0.11)	901	1043(93)	902
Comp.II maser								-59.83(0.03)	0.55(0.06)	1151	674(66)		1275
NGC 7538 IRS1					20160129	73	-55.07(0.29)	7.98(0.55)	-321	-2726(191)	
Comp.I maser								-58.03(0.03)	1.05(0.06)	833	931(47)		927
Comp.II maser								-60.17(0.02)	0.76(0.04)	1012	819(40)		1114
NGC 7538 IRS1					20160130	76	-55.33(0.32)	8.91(0.60)	-308	-2923(203)	
Comp.I maser								-57.86(0.02)	0.91(0.05)	1149	1111(48)	1261
Comp.II maser								-60.09(0.02)	0.88(0.05)	1091	1023(47)	1181
NGC 7538 IRS1					20160131	70	-55.58(0.21)	3.20(0.53)	-265	-902(124)	
Comp.I maser								-57.81(0.03)	0.77(0.07)	714	586(44)		744
Comp.II maser								-60.06(0.02)	0.60(0.05)	881	563(39)		917
NGC 7538 IRS1					20160201	83	-56.67(0.35)	6.88(0.62)	-297	-2178(224)	
Comp.I maser								-57.86(0.04)	1.08(0.09)	756	870(60)		842
Comp.II maser								-60.02(0.02)	0.77(0.06)	942	769(50)		1059
NGC 7538 IRS1					20160202	45	-54.94(0.21)	5.58(0.48)	-298	-1771(138)	
Comp.I maser								-57.91(0.01)	1.11(0.03)	1132	1337(36)	1195
Comp.II maser								-60.09(0.01)	0.68(0.03)	1093	795(28)		1132
NGC 7538 IRS1					20160203	47	-55.41(0.18)	8.11(0.33)	-348	-3004(127)	
Comp.I maser								-57.84(0.01)	1.01(0.03)	1093	1180(32)	1081
Comp.II maser								-60.03(0.01)	0.73(0.02)	1276	986(27)		1321
NGC 7538 IRS1					20160204	29	-55.65(0.13)	7.91(0.22)	-317	-2666(86)	
Comp.I maser								-57.59(0.01)	1.10(0.02)	930	1085(21)	949
Comp.II maser								-59.77(0.01)	0.93(0.02)	928	915(20)		972
NGC 7538 IRS1					20160205	35	-55.84(0.15)	6.77(0.26)	-391	-2816(121)	
Comp.I maser								-57.88(0.01)	1.07(0.03)	1076	1220(30)	1155
Comp.II maser								-60.07(0.01)	0.76(0.02)	1213	982(25)		1303
NGC 7538 IRS1					20160219	56	-55.89(0.26)	7.05(0.45)	-302	-2269(165)	
Comp.I maser								-57.87(0.02)	1.13(0.05)	876	1054(41)	957
Comp.II maser								-60.04(0.02)	0.80(0.04)	920	784(34)		972
NGC 7538 IRS1					20160220	76	-55.76(0.32)	7.73(0.58)	-286	-2351(187)	
Comp.I maser								-57.85(0.02)	0.98(0.05)	1068	1120(48)	1027
Comp.II maser								-60.04(0.02)	0.75(0.04)	1037	823(41)		1052
NGC 7538 IRS1					20160221	40	-55.98(0.16)	7.37(0.29)	-314	-2466(106)	
Comp.I maser								-57.82(0.01)	0.96(0.03)	990	1012(27)	973
Comp.II maser								-60.03(0.01)	0.79(0.03)	971	816(24)		1030
NGC 7538 IRS1					20160223	40	-55.68(0.18)	7.73(0.31)	-312	-2569(113)	
Comp.I maser								-57.84(0.02)	1.05(0.04)	804	899(29)		832
Comp.II maser								-60.06(0.01)	0.77(0.03)	1048	860(25)		1109
NGC 7538 IRS1					20160226	58	-55.20(0.33)	9.82(0.63)	-254	-2658(171)	
Comp.I maser								-57.87(0.02)	0.96(0.04)	1095	1124(43)	1224
Comp.II maser								-60.05(0.01)	0.72(0.03)	1358	1034(37)	1401
NGC 7538 IRS1					20160227	55	-55.73(0.20)	7.53(0.37)	-347	-2781(144)	
Comp.I maser								-57.90(0.02)	0.96(0.04)	1005	1030(36)	1030
Comp.II maser								-60.03(0.01)	0.75(0.03)	1116	895(32)		1157
NGC 7538 IRS1					20160304	77	-55.36(0.22)	6.46(0.44)	-374	-2567(174)	
Comp.I maser								-57.86(0.02)	0.95(0.04)	1086	1097(44)	1048
Comp.II maser								-60.03(0.01)	0.68(0.03)	1146	829(37)		1134
NGC 7538 IRS1					20160305	86	-55.39(0.26)	5.21(0.57)	-311	-1722(175)	
Comp.I maser								-57.81(0.03)	0.80(0.06)	852	725(47)		831
Comp.II maser								-60.09(0.02)	0.73(0.06)	873	679(45)		944
NGC 7538 IRS1					20160306	78	-54.77(0.17)	3.72(0.46)	-325	-1285(129)	
Comp.I maser								-57.82(0.04)	0.99(0.08)	701	738(54)		685
Comp.II maser								-60.01(0.03)	0.81(0.07)	786	677(49)		839
NGC 7538 IRS1					20160307	65	-56.18(0.24)	7.28(0.40)	-351	-2716(173)	
Comp.I maser								-57.86(0.02)	1.15(0.05)	1012	1237(44)	1053
Comp.II maser								-59.99(0.02)	0.84(0.04)	1156	1033(38)	1192
NGC 7538 IRS1					20160314	62	-55.21(0.20)	4.76(0.47)	-312	-1580(137)	
Comp.I maser								-57.87(0.02)	0.89(0.05)	930	883(39)		1011
Comp.II maser								-60.04(0.02)	0.70(0.04)	978	730(35)		978
NGC 7538 IRS1					20160318	67	-55.91(0.27)	6.01(0.50)	-317	-2029(182)	
Comp.I maser								-57.85(0.02)	0.96(0.05)	1031	1051(44)	1085
Comp.II maser								-60.00(0.02)	0.74(0.04)	1009	797(38)		984
NGC 7538 IRS1					20160328	70	-55.90(0.27)	7.83(0.48)	-344	-2866(193)	
Comp.I maser								-57.83(0.02)	1.03(0.05)	1010	1104(48)	984
Comp.II maser								-60.02(0.02)	0.85(0.04)	1091	988(44)		1114
NGC 7538 IRS1					20160402	75	-55.29(0.20)	4.84(0.44)	-376	-1936(162)	
Comp.I maser								-57.82(0.02)	0.88(0.04)	1147	1070(46)	1188
Comp.II maser								-60.06(0.01)	0.59(0.03)	1306	824(38)		1330
NGC 7538 IRS1					20160403	95	-56.21(0.31)	6.70(0.52)	-379	-2702(247)	
Comp.I maser								-57.82(0.03)	1.05(0.07)	884	993(59)		891
Comp.II maser								-59.99(0.03)	0.85(0.06)	974	886(53)		999
NGC 7538 IRS1					20160404	55	-55.34(0.18)	5.39(0.39)	-349	-2003(136)	
Comp.I maser								-57.79(0.02)	0.84(0.04)	1009	904(36)		1043
Comp.II maser								-60.06(0.02)	0.72(0.04)	973	750(33)		1105
NGC 7538 IRS1					20160417	70	-55.73(0.30)	8.07(0.52)	-331	-2841(202)	
Comp.I maser								-57.81(0.02)	1.08(0.05)	1094	1261(52)	1119
Comp.II maser								-60.01(0.02)	0.82(0.04)	1133	984(45)		1193
NGC 7538 IRS1					20160422	31	-55.61(0.18)	8.27(0.33)	-252	-2222(93)	
Comp.I maser								-57.80(0.01)	1.03(0.03)	983	1076(24)	1017
Comp.II maser								-59.97(0.01)	0.75(0.02)	1084	865(21)		1146
NGC 7538 IRS1					20160423	58	-55.55(0.35)	8.97(0.63)	-224	-2134(161)	
Comp.I maser								-57.83(0.03)	1.11(0.06)	762	897(42)		806
Comp.II maser								-59.98(0.02)	0.81(0.04)	892	772(36)		987
NGC 7538 IRS1					20160424	88	-55.66(0.51)	8.01(0.88)	-229	-1950(240)	
Comp.I maser								-57.86(0.03)	1.18(0.08)	878	1102(62)	917
Comp.II maser								-60.04(0.03)	0.83(0.06)	881	777(52)		960
NGC 7538 IRS1					20160729	48	-55.09(0.15)	5.29(0.34)	-360	-2029(119)	
Comp.I maser								-57.80(0.01)	0.95(0.04)	999	1015(32)	1031
Comp.II maser								-60.04(0.01)	0.66(0.02)	1182	830(27)		1169
NGC 7538 IRS1					20160730	23	-55.96(0.11)	6.80(0.21)	-338	-2450(81)	
Comp.I maser								-57.85(0.01)	1.09(0.02)	982	1135(19)	1007
Comp.II maser								-60.03(0.01)	0.80(0.02)	1106	942(16)		1111
NGC 7538 IRS1					20160803	50	-56.19(0.23)	6.96(0.40)	-328	-2433(156)	
Comp.I maser								-57.81(0.02)	1.06(0.04)	1002	1131(41)	1060
Comp.II maser								-60.05(0.01)	0.74(0.03)	1191	938(34)		1164
NGC 7538 IRS1					20160804	56	-55.27(0.22)	7.82(0.42)	-295	-2461(137)	
Comp.I maser								-57.85(0.02)	1.02(0.05)	804	876(34)		801
Comp.II maser								-60.03(0.01)	0.75(0.03)	926	735(29)		905
NGC 7538 IRS1					20160806	52	-55.93(0.21)	7.38(0.36)	-328	-2577(139)	
Comp.I maser								-57.88(0.02)	1.03(0.04)	1080	1185(35)	1139
Comp.II maser								-60.03(0.01)	0.76(0.03)	1189	965(30)		1235
NGC 7538 IRS1					20160807	46	-55.54(0.22)	7.11(0.40)	-310	-2347(142)	
Comp.I maser								-57.89(0.02)	0.99(0.04)	918	968(34)		966
Comp.II maser								-60.01(0.01)	0.82(0.03)	1039	902(30)		1173
NGC 7538 IRS1					20160814	40	-55.82(0.18)	7.91(0.32)	-356	-2995(132)	
Comp.I maser								-57.89(0.02)	1.06(0.04)	992	1125(34)	1023
Comp.II maser								-60.07(0.01)	0.80(0.03)	1211	1026(29)	1296
NGC 7538 IRS1					20160816	51	-55.90(0.23)	8.31(0.42)	-322	-2851(155)	
Comp.I maser								-57.88(0.02)	1.07(0.04)	1026	1168(40)	1035
Comp.II maser								-60.04(0.01)	0.80(0.03)	1234	1054(35)	1267
NGC 7538 IRS1					20160818	52	-55.65(0.23)	8.04(0.42)	-297	-2544(144)	
Comp.I maser								-57.88(0.02)	1.05(0.04)	1031	1153(36)	1106
Comp.II maser								-60.05(0.01)	0.80(0.03)	1203	1022(32)	1327
NGC 7538 IRS1					20160819	55	-55.80(0.21)	7.07(0.37)	-344	-2586(147)	
Comp.I maser								-57.90(0.02)	1.05(0.04)	1030	1153(37)	1038
Comp.II maser								-60.05(0.01)	0.73(0.03)	1247	971(31)		1280
NGC 7538 IRS1					20160821	59	-55.72(0.26)	8.22(0.48)	-305	-2668(165)	
Comp.I maser								-57.89(0.02)	0.95(0.05)	953	968(41)		1043
Comp.II maser								-60.05(0.01)	0.78(0.03)	1198	991(37)		1298
NGC 7538 IRS1					20161001	45	-56.09(0.19)	8.28(0.34)	-338	-2981(132)	
Comp.I maser								-57.95(0.02)	1.11(0.04)	988	1172(35)	963
Comp.II maser								-60.09(0.01)	0.78(0.03)	1218	1006(29)	1227
NGC 7538 IRS1					20161016	29	-55.43(0.13)	6.14(0.26)	-315	-2059(87)	
Comp.I maser								-57.90(0.01)	0.95(0.03)	843	852(22)		839
Comp.II maser								-60.11(0.01)	0.68(0.02)	1012	733(18)		1087
NGC 7538 IRS1					20161025	47	-55.56(0.22)	8.21(0.40)	-327	-2857(151)	
Comp.I maser								-57.93(0.02)	1.08(0.05)	863	996(38)		906
Comp.II maser								-60.08(0.01)	0.82(0.03)	1047	913(33)		1125
NGC 7538 IRS1					20161026	78	-55.76(0.37)	8.01(0.65)	-273	-2333(208)	
Comp.I maser								-57.96(0.04)	1.15(0.09)	701	860(55)		709
Comp.II maser								-60.06(0.02)	0.72(0.05)	931	717(44)		909
NGC 7538 IRS1					20161029	99	-55.64(0.32)	9.64(0.58)	-401	-4116(262)	
Comp.I maser								-57.92(0.03)	1.09(0.07)	1001	1158(68)	1164
Comp.II maser								-60.12(0.02)	0.86(0.05)	1296	1185(60)	1363
NGC 7538 IRS1					20170102	31	-55.47(0.14)	6.27(0.28)	-319	-2129(97)	
Comp.I maser								-57.88(0.01)	0.93(0.03)	926	921(24)		924
Comp.II maser								-60.08(0.01)	0.69(0.02)	1064	784(21)		1081
NGC 7538 IRS1					20170111	55	-56.25(0.23)	7.41(0.38)	-329	-2600(155)	
Comp.I maser								-57.89(0.02)	1.13(0.05)	864	1038(40)	928
Comp.II maser								-60.04(0.02)	0.85(0.04)	997	902(35)		1055
NGC 7538 IRS1					20170112	119	-56.93(0.36)	7.40(0.67)	-368	-2904(287)	
Comp.I maser								-57.96(0.03)	1.03(0.07)	1105	1206(75)	1107
Comp.II maser								-60.08(0.03)	0.86(0.06)	1164	1064(69)	1208
NGC 7538 IRS1					20170216	79	-55.08(0.20)	5.54(0.45)	-377	-2224(163)	
Comp.I maser								-57.85(0.02)	0.88(0.04)	1059	994(43)		1081
Comp.II maser								-60.02(0.01)	0.73(0.03)	1351	1050(39)	1315
NGC 7538 IRS1					20170220	49	-55.63(0.20)	7.06(0.37)	-319	-2398(134)	
Comp.I maser								-57.90(0.02)	0.95(0.04)	883	896(32)		890
Comp.II maser								-59.98(0.01)	0.79(0.03)	965	810(29)		1022
NGC 7538 IRS1					20170305	69	-55.61(0.33)	7.80(0.57)	-319	-2647(214)	
Comp.I maser								-57.86(0.03)	1.18(0.07)	818	1028(56)	834
Comp.II maser								-59.99(0.02)	0.75(0.05)	954	760(44)		1028
NGC 7538 IRS1					20170318	49	-56.01(0.23)	6.98(0.38)	-314	-2334(149)	
Comp.I maser								-57.78(0.02)	1.15(0.05)	804	984(37)		852
Comp.II maser								-59.96(0.01)	0.82(0.03)	982	853(31)		1054
NGC 7538 IRS1					20170423	39	-55.90(0.19)	7.82(0.33)	-336	-2796(130)	
Comp.I maser								-57.83(0.02)	1.08(0.04)	898	1031(34)	977
Comp.II maser								-60.00(0.01)	0.78(0.03)	1048	870(29)		1092
NGC 7538 IRS1					20170424	53	-55.17(0.24)	6.40(0.48)	-288	-1960(145)	
Comp.I maser								-57.81(0.02)	1.01(0.05)	708	759(34)		685
Comp.II maser								-59.99(0.02)	0.80(0.04)	855	724(30)		926
NGC 7538 IRS1					20170530	56	-54.94(0.17)	4.01(0.45)	-233	-995(91)	
Comp.I maser								-57.82(0.02)	0.89(0.05)	656	625(32)		702
Comp.II maser								-60.07(0.02)	0.78(0.04)	789	656(30)		819
NGC 7538 IRS1					20170603	42	-55.61(0.16)	6.25(0.30)	-397	-2638(133)	
Comp.I maser								-57.85(0.02)	1.03(0.04)	978	1070(33)	1042
Comp.II maser								-60.04(0.01)	0.70(0.02)	1255	936(27)		1362
NGC 7538 IRS1					20170614	54	-55.43(0.24)	7.04(0.43)	-317	-2374(156)	
Comp.I maser								-57.86(0.02)	1.09(0.05)	861	1001(39)	888
Comp.II maser								-60.02(0.01)	0.73(0.03)	1068	826(31)		1128
NGC 7538 IRS1					20170918	48	-55.27(0.35)	8.77(0.65)	-184	-1713(131)	
Comp.I maser								-57.90(0.02)	1.04(0.04)	953	1057(34)	1070
Comp.II maser								-60.08(0.01)	0.71(0.03)	1199	908(28)		1251
NGC 7538 IRS1					20171003	76	-54.39(0.49)	7.53(1.08)	-180	-1441(188)	
Comp.I maser								-57.89(0.02)	0.96(0.05)	933	950(47)		1031
Comp.II maser								-60.05(0.02)	0.72(0.04)	1102	839(41)		1094
NGC 7538 IRS1					20171005	112	-56.56(1.00)	9.62(2.06)	-129	-1322(275)	
Comp.I maser								-57.81(0.04)	1.01(0.09)	844	904(73)		859
Comp.II maser								-60.07(0.03)	0.79(0.06)	1104	928(65)		1130
NGC 7538 IRS1					20171215	84	-54.98(0.18)	3.82(0.46)	-304	-1237(121)	
Comp.I maser								-57.82(0.03)	0.90(0.07)	664	633(45)		670
Comp.II maser								-60.05(0.02)	0.72(0.04)	1002	772(41)		1072
NGC 7538 IRS1					20180112	32	-56.10(0.16)	8.05(0.28)	-268	-2298(89)	
Comp.I maser								-57.89(0.01)	1.12(0.03)	773	918(23)		765
Comp.II maser								-60.01(0.01)	0.83(0.02)	953	838(20)		1016
NGC 7538 IRS1					20180113	30	-55.76(0.13)	7.52(0.23)	-309	-2475(83)	
Comp.I maser								-57.88(0.01)	1.03(0.03)	694	760(21)		710
Comp.II maser								-60.05(0.01)	0.74(0.02)	925	727(18)		935
NGC 7538 IRS1					20180114	34	-55.94(0.17)	7.75(0.29)	-283	-2336(99)	
Comp.I maser								-57.91(0.01)	1.08(0.03)	830	958(25)		850
Comp.II maser								-60.07(0.01)	0.85(0.02)	1019	922(22)		1056
NGC 7538 IRS1					20180127	71	-55.03(0.46)	9.70(0.91)	-178	-1837(169)	
Comp.I maser								-57.85(0.03)	0.76(0.06)	709	570(39)		774
Comp.II maser								-60.02(0.02)	0.76(0.05)	800	650(39)		775
NGC 7538 IRS1					20180202	53	-55.65(0.21)	8.17(0.38)	-363	-3157(156)	
Comp.I maser								-57.88(0.02)	1.05(0.04)	1107	1238(40)	1120
Comp.II maser								-60.02(0.01)	0.76(0.03)	1454	1172(34)	1534
NGC 7538 IRS1					20180203	57	-55.22(0.16)	5.07(0.35)	-386	-2086(133)	
Comp.I maser								-57.81(0.02)	0.92(0.04)	921	901(37)		907
Comp.II maser								-60.04(0.01)	0.63(0.03)	1215	812(30)		1258
NGC 7538 IRS1					20180718	61	-56.16(0.20)	7.89(0.33)	-448	-3765(182)	
Comp.I maser								-57.91(0.02)	1.15(0.04)	1228	1509(47)	1257
Comp.II maser								-60.07(0.01)	0.89(0.03)	1429	1361(41)	1599
NGC 7538 IRS1					20180723	49	-55.52(0.19)	8.20(0.35)	-349	-3047(138)	
Comp.I maser								-57.86(0.02)	1.00(0.04)	1055	1123(35)	1143
Comp.II maser								-60.05(0.01)	0.73(0.02)	1333	1042(30)	1441
NGC 7538 IRS1					20191030	50	-55.13(0.17)	6.54(0.36)	-399	-2777(148)	
Comp.I maser								-57.91(0.02)	0.95(0.04)	1076	1084(37)	1192
Comp.II maser								-60.05(0.01)	0.70(0.02)	1407	1052(31)	1437
NGC 7538 IRS1					20191111	57	-55.09(0.26)	6.81(0.51)	-306	-2220(166)	
Comp.I maser								-57.91(0.02)	1.13(0.05)	898	1081(40)	922
Comp.II maser								-60.08(0.01)	0.73(0.03)	1291	1008(32)	1411
NGC 7538 IRS1					20200107	36	-55.64(0.15)	8.39(0.27)	-368	-3283(115)	
Comp.I maser								-57.89(0.01)	1.11(0.03)	950	1119(30)	971
Comp.II maser								-60.02(0.01)	0.81(0.02)	1217	1053(25)	1322
NGC 7538 IRS1					20200308	52	-55.84(0.17)	8.43(0.32)	-364	-3267(131)	
Comp.I maser								-57.83(0.02)	1.02(0.04)	973	1057(34)	1035
Comp.II maser								-59.95(0.01)	0.81(0.03)	1229	1060(30)	1322
NGC 7538 IRS1					20200309	40	-55.58(0.14)	7.79(0.24)	-376	-3118(106)	
Comp.I maser								-57.86(0.01)	1.04(0.03)	990	1090(26)	1003
Comp.II maser								-59.96(0.01)	0.80(0.02)	1261	1079(23)	1331
NGC 7538 IRS1					20200701	45	-56.10(0.16)	6.91(0.27)	-454	-3342(155)	
Comp.I maser								-57.92(0.02)	1.20(0.04)	1034	1325(39)	1116
Comp.II maser								-60.03(0.01)	0.81(0.02)	1437	1234(32)	1523
NGC 7538 IRS1					20200708	50	-55.45(0.18)	7.61(0.31)	-398	-3222(144)	
Comp.I maser								-57.92(0.02)	1.15(0.04)	947	1159(36)	964
Comp.II maser								-60.03(0.01)	0.77(0.02)	1319	1080(29)	1384
NGC 7538 IRS1					20200822	64	-54.96(0.26)	6.02(0.57)	-340	-2176(188)	
Comp.I maser								-57.94(0.03)	1.01(0.06)	798	858(48)		853
Comp.II maser								-60.08(0.02)	0.71(0.04)	1231	934(40)		1242
NGC 7538 IRS1					20200830	46	-55.43(0.15)	7.26(0.28)	-453	-3503(144)	
Comp.I maser								-57.92(0.01)	1.01(0.03)	1227	1321(34)	1285
Comp.II maser								-60.04(0.01)	0.80(0.02)	1570	1334(31)	1555
NGC 7538 IRS1					20210611	76	-55.39(0.25)	8.47(0.47)	-358	-3228(185)	
Comp.I maser								-57.89(0.02)	0.98(0.06)	922	962(47)		981
Comp.II maser								-60.05(0.01)	0.73(0.03)	1698	1317(40)	1765
IRAS18566+0408	18 59 10.02	4 12 14.7	20160730	19	85.29(0.03)	4.58(0.09)	-499	-2432(38)	
maser									78.10(0.18)	3.72(0.43)	83	328(33)		115
G23.01-0.41	18 34 40.25	-9 00 38.2	20160716	48	75.66(0.05)	4.43(0.21)	-636	-3000(12)	
maser									75.56(0.07)	1.59(0.16)	250	424(37)		266
G32.74-0.07	18 51 21.80	-0 12 05.0	20160730	27	37.47(0.10)	4.41(0.24)	-164	-769(36)	
maser									33.39(0.03)	0.23(0.06)	185	46(8)		170
-----------------------------------------------------------------------------------------------------------------------------------------------------
Note: Column (1): Source name; Columns (2)-(3): the pointing center coordinates for TMRT observations; Columns (4): observation epoch; Columns (5): observational rms noise level; Columns (6)-(9): the LSR velocity at the peak value with error, Full Width at Half Maximum (FWHM) with error, the peak flux density, and integrated flux density with error obtained from Gaussian fitting; Column (10): the peak flux density directly extracted from the spectrum. 